354389830486006
354389830486014
354389830486022
354389830486030
354389830486048
354389830486055
354389830486063
354389830486071
354389830486089
354389830486097
354389830486105
354389830486113
354389830486121
354389830486139
354389830486147
354389830486154
354389830486162
354389830486170
354389830486188
354389830486196
354389830486204
354389830486212
354389830486220
354389830486238
354389830486246
354389830486253
354389830486261
354389830486279
354389830486287
354389830486295
354389830486303
354389830486311
354389830486329
354389830486337
354389830486345
354389830486352
354389830486360
354389830486378
354389830486386
354389830486394
354389830486402
354389830486410
354389830486428
354389830486436
354389830486444
354389830486451
354389830486469
354389830486477
354389830486485
354389830486493
354389830486501
354389830486519
354389830486527
354389830486535
354389830486543
354389830486550
354389830486568
354389830486576
354389830486584
354389830486592
354389830486600
354389830486618
354389830486626
354389830486634
354389830486642
354389830486659
354389830486667
354389830486675
354389830486683
354389830486691
354389830486709
354389830486717
354389830486725
354389830486733
354389830486741
354389830486758
354389830486766
354389830486774
354389830486782
354389830486790
354389830486808
354389830486816
354389830486824
354389830486832
354389830486840
354389830486857
354389830486865
354389830486873
354389830486881
354389830486899
354389830486907
354389830486915
354389830486923
354389830486931
354389830486949
354389830486956
354389830486964
354389830486972
354389830486980
354389830486998