354389830481007
354389830481015
354389830481023
354389830481031
354389830481049
354389830481056
354389830481064
354389830481072
354389830481080
354389830481098
354389830481106
354389830481114
354389830481122
354389830481130
354389830481148
354389830481155
354389830481163
354389830481171
354389830481189
354389830481197
354389830481205
354389830481213
354389830481221
354389830481239
354389830481247
354389830481254
354389830481262
354389830481270
354389830481288
354389830481296
354389830481304
354389830481312
354389830481320
354389830481338
354389830481346
354389830481353
354389830481361
354389830481379
354389830481387
354389830481395
354389830481403
354389830481411
354389830481429
354389830481437
354389830481445
354389830481452
354389830481460
354389830481478
354389830481486
354389830481494
354389830481502
354389830481510
354389830481528
354389830481536
354389830481544
354389830481551
354389830481569
354389830481577
354389830481585
354389830481593
354389830481601
354389830481619
354389830481627
354389830481635
354389830481643
354389830481650
354389830481668
354389830481676
354389830481684
354389830481692
354389830481700
354389830481718
354389830481726
354389830481734
354389830481742
354389830481759
354389830481767
354389830481775
354389830481783
354389830481791
354389830481809
354389830481817
354389830481825
354389830481833
354389830481841
354389830481858
354389830481866
354389830481874
354389830481882
354389830481890
354389830481908
354389830481916
354389830481924
354389830481932
354389830481940
354389830481957
354389830481965
354389830481973
354389830481981
354389830481999