354389830488002
354389830488010
354389830488028
354389830488036
354389830488044
354389830488051
354389830488069
354389830488077
354389830488085
354389830488093
354389830488101
354389830488119
354389830488127
354389830488135
354389830488143
354389830488150
354389830488168
354389830488176
354389830488184
354389830488192
354389830488200
354389830488218
354389830488226
354389830488234
354389830488242
354389830488259
354389830488267
354389830488275
354389830488283
354389830488291
354389830488309
354389830488317
354389830488325
354389830488333
354389830488341
354389830488358
354389830488366
354389830488374
354389830488382
354389830488390
354389830488408
354389830488416
354389830488424
354389830488432
354389830488440
354389830488457
354389830488465
354389830488473
354389830488481
354389830488499
354389830488507
354389830488515
354389830488523
354389830488531
354389830488549
354389830488556
354389830488564
354389830488572
354389830488580
354389830488598
354389830488606
354389830488614
354389830488622
354389830488630
354389830488648
354389830488655
354389830488663
354389830488671
354389830488689
354389830488697
354389830488705
354389830488713
354389830488721
354389830488739
354389830488747
354389830488754
354389830488762
354389830488770
354389830488788
354389830488796
354389830488804
354389830488812
354389830488820
354389830488838
354389830488846
354389830488853
354389830488861
354389830488879
354389830488887
354389830488895
354389830488903
354389830488911
354389830488929
354389830488937
354389830488945
354389830488952
354389830488960
354389830488978
354389830488986
354389830488994