354389830485008
354389830485016
354389830485024
354389830485032
354389830485040
354389830485057
354389830485065
354389830485073
354389830485081
354389830485099
354389830485107
354389830485115
354389830485123
354389830485131
354389830485149
354389830485156
354389830485164
354389830485172
354389830485180
354389830485198
354389830485206
354389830485214
354389830485222
354389830485230
354389830485248
354389830485255
354389830485263
354389830485271
354389830485289
354389830485297
354389830485305
354389830485313
354389830485321
354389830485339
354389830485347
354389830485354
354389830485362
354389830485370
354389830485388
354389830485396
354389830485404
354389830485412
354389830485420
354389830485438
354389830485446
354389830485453
354389830485461
354389830485479
354389830485487
354389830485495
354389830485503
354389830485511
354389830485529
354389830485537
354389830485545
354389830485552
354389830485560
354389830485578
354389830485586
354389830485594
354389830485602
354389830485610
354389830485628
354389830485636
354389830485644
354389830485651
354389830485669
354389830485677
354389830485685
354389830485693
354389830485701
354389830485719
354389830485727
354389830485735
354389830485743
354389830485750
354389830485768
354389830485776
354389830485784
354389830485792
354389830485800
354389830485818
354389830485826
354389830485834
354389830485842
354389830485859
354389830485867
354389830485875
354389830485883
354389830485891
354389830485909
354389830485917
354389830485925
354389830485933
354389830485941
354389830485958
354389830485966
354389830485974
354389830485982
354389830485990