354389830483003
354389830483011
354389830483029
354389830483037
354389830483045
354389830483052
354389830483060
354389830483078
354389830483086
354389830483094
354389830483102
354389830483110
354389830483128
354389830483136
354389830483144
354389830483151
354389830483169
354389830483177
354389830483185
354389830483193
354389830483201
354389830483219
354389830483227
354389830483235
354389830483243
354389830483250
354389830483268
354389830483276
354389830483284
354389830483292
354389830483300
354389830483318
354389830483326
354389830483334
354389830483342
354389830483359
354389830483367
354389830483375
354389830483383
354389830483391
354389830483409
354389830483417
354389830483425
354389830483433
354389830483441
354389830483458
354389830483466
354389830483474
354389830483482
354389830483490
354389830483508
354389830483516
354389830483524
354389830483532
354389830483540
354389830483557
354389830483565
354389830483573
354389830483581
354389830483599
354389830483607
354389830483615
354389830483623
354389830483631
354389830483649
354389830483656
354389830483664
354389830483672
354389830483680
354389830483698
354389830483706
354389830483714
354389830483722
354389830483730
354389830483748
354389830483755
354389830483763
354389830483771
354389830483789
354389830483797
354389830483805
354389830483813
354389830483821
354389830483839
354389830483847
354389830483854
354389830483862
354389830483870
354389830483888
354389830483896
354389830483904
354389830483912
354389830483920
354389830483938
354389830483946
354389830483953
354389830483961
354389830483979
354389830483987
354389830483995