354389830484001
354389830484019
354389830484027
354389830484035
354389830484043
354389830484050
354389830484068
354389830484076
354389830484084
354389830484092
354389830484100
354389830484118
354389830484126
354389830484134
354389830484142
354389830484159
354389830484167
354389830484175
354389830484183
354389830484191
354389830484209
354389830484217
354389830484225
354389830484233
354389830484241
354389830484258
354389830484266
354389830484274
354389830484282
354389830484290
354389830484308
354389830484316
354389830484324
354389830484332
354389830484340
354389830484357
354389830484365
354389830484373
354389830484381
354389830484399
354389830484407
354389830484415
354389830484423
354389830484431
354389830484449
354389830484456
354389830484464
354389830484472
354389830484480
354389830484498
354389830484506
354389830484514
354389830484522
354389830484530
354389830484548
354389830484555
354389830484563
354389830484571
354389830484589
354389830484597
354389830484605
354389830484613
354389830484621
354389830484639
354389830484647
354389830484654
354389830484662
354389830484670
354389830484688
354389830484696
354389830484704
354389830484712
354389830484720
354389830484738
354389830484746
354389830484753
354389830484761
354389830484779
354389830484787
354389830484795
354389830484803
354389830484811
354389830484829
354389830484837
354389830484845
354389830484852
354389830484860
354389830484878
354389830484886
354389830484894
354389830484902
354389830484910
354389830484928
354389830484936
354389830484944
354389830484951
354389830484969
354389830484977
354389830484985
354389830484993