354389830480009
354389830480017
354389830480025
354389830480033
354389830480041
354389830480058
354389830480066
354389830480074
354389830480082
354389830480090
354389830480108
354389830480116
354389830480124
354389830480132
354389830480140
354389830480157
354389830480165
354389830480173
354389830480181
354389830480199
354389830480207
354389830480215
354389830480223
354389830480231
354389830480249
354389830480256
354389830480264
354389830480272
354389830480280
354389830480298
354389830480306
354389830480314
354389830480322
354389830480330
354389830480348
354389830480355
354389830480363
354389830480371
354389830480389
354389830480397
354389830480405
354389830480413
354389830480421
354389830480439
354389830480447
354389830480454
354389830480462
354389830480470
354389830480488
354389830480496
354389830480504
354389830480512
354389830480520
354389830480538
354389830480546
354389830480553
354389830480561
354389830480579
354389830480587
354389830480595
354389830480603
354389830480611
354389830480629
354389830480637
354389830480645
354389830480652
354389830480660
354389830480678
354389830480686
354389830480694
354389830480702
354389830480710
354389830480728
354389830480736
354389830480744
354389830480751
354389830480769
354389830480777
354389830480785
354389830480793
354389830480801
354389830480819
354389830480827
354389830480835
354389830480843
354389830480850
354389830480868
354389830480876
354389830480884
354389830480892
354389830480900
354389830480918
354389830480926
354389830480934
354389830480942
354389830480959
354389830480967
354389830480975
354389830480983
354389830480991