354389830487004
354389830487012
354389830487020
354389830487038
354389830487046
354389830487053
354389830487061
354389830487079
354389830487087
354389830487095
354389830487103
354389830487111
354389830487129
354389830487137
354389830487145
354389830487152
354389830487160
354389830487178
354389830487186
354389830487194
354389830487202
354389830487210
354389830487228
354389830487236
354389830487244
354389830487251
354389830487269
354389830487277
354389830487285
354389830487293
354389830487301
354389830487319
354389830487327
354389830487335
354389830487343
354389830487350
354389830487368
354389830487376
354389830487384
354389830487392
354389830487400
354389830487418
354389830487426
354389830487434
354389830487442
354389830487459
354389830487467
354389830487475
354389830487483
354389830487491
354389830487509
354389830487517
354389830487525
354389830487533
354389830487541
354389830487558
354389830487566
354389830487574
354389830487582
354389830487590
354389830487608
354389830487616
354389830487624
354389830487632
354389830487640
354389830487657
354389830487665
354389830487673
354389830487681
354389830487699
354389830487707
354389830487715
354389830487723
354389830487731
354389830487749
354389830487756
354389830487764
354389830487772
354389830487780
354389830487798
354389830487806
354389830487814
354389830487822
354389830487830
354389830487848
354389830487855
354389830487863
354389830487871
354389830487889
354389830487897
354389830487905
354389830487913
354389830487921
354389830487939
354389830487947
354389830487954
354389830487962
354389830487970
354389830487988
354389830487996