354389830482005
354389830482013
354389830482021
354389830482039
354389830482047
354389830482054
354389830482062
354389830482070
354389830482088
354389830482096
354389830482104
354389830482112
354389830482120
354389830482138
354389830482146
354389830482153
354389830482161
354389830482179
354389830482187
354389830482195
354389830482203
354389830482211
354389830482229
354389830482237
354389830482245
354389830482252
354389830482260
354389830482278
354389830482286
354389830482294
354389830482302
354389830482310
354389830482328
354389830482336
354389830482344
354389830482351
354389830482369
354389830482377
354389830482385
354389830482393
354389830482401
354389830482419
354389830482427
354389830482435
354389830482443
354389830482450
354389830482468
354389830482476
354389830482484
354389830482492
354389830482500
354389830482518
354389830482526
354389830482534
354389830482542
354389830482559
354389830482567
354389830482575
354389830482583
354389830482591
354389830482609
354389830482617
354389830482625
354389830482633
354389830482641
354389830482658
354389830482666
354389830482674
354389830482682
354389830482690
354389830482708
354389830482716
354389830482724
354389830482732
354389830482740
354389830482757
354389830482765
354389830482773
354389830482781
354389830482799
354389830482807
354389830482815
354389830482823
354389830482831
354389830482849
354389830482856
354389830482864
354389830482872
354389830482880
354389830482898
354389830482906
354389830482914
354389830482922
354389830482930
354389830482948
354389830482955
354389830482963
354389830482971
354389830482989
354389830482997