354389830489000
354389830489018
354389830489026
354389830489034
354389830489042
354389830489059
354389830489067
354389830489075
354389830489083
354389830489091
354389830489109
354389830489117
354389830489125
354389830489133
354389830489141
354389830489158
354389830489166
354389830489174
354389830489182
354389830489190
354389830489208
354389830489216
354389830489224
354389830489232
354389830489240
354389830489257
354389830489265
354389830489273
354389830489281
354389830489299
354389830489307
354389830489315
354389830489323
354389830489331
354389830489349
354389830489356
354389830489364
354389830489372
354389830489380
354389830489398
354389830489406
354389830489414
354389830489422
354389830489430
354389830489448
354389830489455
354389830489463
354389830489471
354389830489489
354389830489497
354389830489505
354389830489513
354389830489521
354389830489539
354389830489547
354389830489554
354389830489562
354389830489570
354389830489588
354389830489596
354389830489604
354389830489612
354389830489620
354389830489638
354389830489646
354389830489653
354389830489661
354389830489679
354389830489687
354389830489695
354389830489703
354389830489711
354389830489729
354389830489737
354389830489745
354389830489752
354389830489760
354389830489778
354389830489786
354389830489794
354389830489802
354389830489810
354389830489828
354389830489836
354389830489844
354389830489851
354389830489869
354389830489877
354389830489885
354389830489893
354389830489901
354389830489919
354389830489927
354389830489935
354389830489943
354389830489950
354389830489968
354389830489976
354389830489984
354389830489992